tree
version=v4
num_class=1
num_tree_per_iteration=1
label_index=0
max_feature_idx=27
objective=binary sigmoid:1
feature_names=Column_0 Column_1 Column_2 Column_3 Column_4 Column_5 Column_6 Column_7 Column_8 Column_9 Column_10 Column_11 Column_12 Column_13 Column_14 Column_15 Column_16 Column_17 Column_18 Column_19 Column_20 Column_21 Column_22 Column_23 Column_24 Column_25 Column_26 Column_27
feature_infos=[1:4] [2:28] [0:4] [0:4] [0:4] [0:4] [0:1] none none none [1:4] [0:1] [0:1] [0:1] [1:4] [0:3] [0:3] [0:4] [0:3] [0:4] [1:4] [1:4] [1:4] [0:1.5] [0:18] [0:19] [0:22] [1:4]
tree_sizes=3056 3380 3400 3389 3399

Tree=0
num_leaves=29
num_cat=0
split_feature=10 16 16 1 22 15 5 24 5 1 10 26 26 21 19 6 17 24 21 24 21 24 19 21 26 24 0 26
split_gain=380.411 165.315 97.2652 55.8053 52.0754 36.5081 50.8735 31.7857 16.444 24.0381 36.5847 15.1458 8.5715 3.58488 3.16188 3.00604 4.19268 2.62564 2.29856 0.242951 0.385243 2.06152 0.297117 0.242002 0.158187 0.131523 0.111559 0.0643131
threshold=2.5000000000000004 1.0000000180025095e-35 1.5000000000000002 6.5000000000000009 2.5000000000000004 1.0000000180025095e-35 1.0000000180025095e-35 1.5000000000000002 1.0000000180025095e-35 17.500000000000004 3.5000000000000004 5.5000000000000009 7.5000000000000009 1.5833333333333337 1.0000000180025095e-35 1.0000000180025095e-35 1.5000000000000002 6.5000000000000009 2.8750000000000004 4.5000000000000009 1.8750000000000002 5.5000000000000009 1.0000000180025095e-35 1.5833333333333337 3.5000000000000004 2.5000000000000004 2.5000000000000004 3.5000000000000004
decision_type=2 2 2 2 2 2 2 2 2 2 2 2 2 2 2 2 2 2 2 2 2 2 2 2 2 2 2 2
left_child=4 -2 5 -4 7 6 12 -1 15 10 -10 17 13 -3 18 19 -17 -9 24 23 22 -22 -21 25 -11 -7 -6 -27
right_child=1 2 3 -5 26 8 -8 11 9 14 -12 -13 -14 -15 -16 16 -18 -19 -20 20 21 -23 -24 -25 -26 27 -28 -29
leaf_value=0.31668582126144579 0.31668582126144573 0.47772513750076195 0.48472684690247136 0.31668582126144573 0.32324992382554829 0.51538297995860438 0.31668582126144573 0.37970120587683037 0.31668582126144568 0.51623453921016349 0.48575148730272155 0.50423160880723328 0.52090234547796999 0.42171146228708678 0.47422428279990725 0.47564354821917265 0.52673710331272783 0.43221402638965084 0.49052136502802401 0.52673710331272783 0.48672733530295975 0.52673710331272783 0.51538297995860438 0.52673710331272783 0.52673710331272783 0.52673710331272772 0.31668582126144573 0.51996125550462191
leaf_weight=6.6650390625000027 14.996337890624998 7.1411132812500036 8.3312988281250018 12.139892578124998 7.6171874999999991 8.807373046875 5.9509277343749991 4.7607421875000018 4.7607421874999973 4.7607421875000098 9.759521484375 6.6650390624999991 8.5693359375 4.7607421875 5.7128906249999991 8.8073730468750018 7.3791503906249991 4.7607421875 6.9030761718749991 16.66259765625 4.9987792968749991 9.0454101562499982 8.8073730468750018 36.419677734375 14.520263671874998 6.6650390625 43.084716796875 7.379150390625
leaf_count=28 63 30 35 51 32 37 25 20 20 20 41 28 36 20 24 37 31 20 29 70 21 38 37 153 61 28 181 31
internal_value=0.444536 0.477023 0.488568 0.385075 0.345916 0.499848 0.445366 0.408583 0.508768 0.48365 0.43032 0.446423 0.482773 0.45532 0.507927 0.518909 0.498936 0.405958 0.51528 0.522182 0.519145 0.512496 0.522811 0.524206 0.524144 0.520173 0.317672 0.523177
internal_weight=296.832 223.279 208.282 20.4712 73.5535 187.811 26.4221 22.8516 161.389 46.4172 14.5203 16.1865 20.4712 11.9019 31.897 114.972 16.1865 9.52148 26.1841 98.7854 39.5142 14.0442 25.47 59.2712 19.281 22.8516 50.7019 14.0442
internal_count=1247 938 875 86 309 789 111 96 678 195 61 68 86 50 134 483 68 40 110 415 166 59 107 249 81 96 213 59
is_linear=0
shrinkage=1


Tree=1
num_leaves=31
num_cat=0
split_feature=10 16 16 1 22 15 5 24 5 1 10 26 26 21 6 17 27 18 14 24 27 21 24 24 1 0 26 1 17 1
split_gain=339.142 147.872 88.6466 48.9361 44.6543 33.8674 45.1365 27.7878 15.4608 22.1313 32.3771 13.7499 7.97478 3.25124 2.85464 3.94484 2.4274 1.81497 6.44359 0.424714 0.308322 2.38692 0.463711 0.112283 0.288555 0.094213 0.0424305 0.0612835 0.000346229 0.000164752
threshold=2.5000000000000004 1.0000000180025095e-35 1.5000000000000002 6.5000000000000009 2.5000000000000004 1.0000000180025095e-35 1.0000000180025095e-35 1.5000000000000002 1.0000000180025095e-35 17.500000000000004 3.5000000000000004 5.5000000000000009 7.5000000000000009 1.5833333333333337 1.0000000180025095e-35 1.5000000000000002 2.5000000000000004 1.0000000180025095e-35 3.5000000000000004 5.5000000000000009 2.5000000000000004 1.8750000000000002 6.5000000000000009 2.5000000000000004 9.5000000000000018 2.5000000000000004 3.5000000000000004 11.500000000000002 1.0000000180025095e-35 11.500000000000002
decision_type=2 2 2 2 2 2 2 2 2 2 2 2 2 2 2 2 2 2 2 2 2 2 2 2 2 2 2 2 2 2
left_child=4 -2 5 -4 7 6 12 -1 14 10 -10 16 13 -3 20 -16 -9 18 -11 -19 21 23 28 24 -7 -6 29 -28 -22 -25
right_child=1 2 3 -5 25 8 -8 11 9 17 -12 -13 -14 -15 15 -17 -18 19 -20 -21 22 -23 -24 26 -26 -27 27 -29 -30 -31
leaf_value=-0.1186285674056812 -0.11862856740568127 0.03162935673958233 0.038397302885887073 -0.11862856740568127 -0.11266584006628465 0.065016458758247284 -0.11862856740568127 -0.06155487946323706 -0.11862856740568131 0.079683891707238136 0.039389729101668741 0.057378749085189223 0.073758200934025756 -0.021716135620169434 0.029621800695753028 0.079526435198782733 -0.011263753676990153 0.06314572815877896 0.016564747726956756 0.080198859118428598 0.079553674758290421 0.039112950888712611 0.066162717206929081 0.079526435198782719 0.079731367756150293 -0.11862856740568127 0.072599671651037825 0.079534478453722482 0.079873252374021847 0.079863588110335823
leaf_weight=6.827385067939761 15.361616402864454 7.0878504216671026 8.2555017620325106 12.435594230890272 7.7946052551269522 6.7830160409212095 6.0958795249462119 4.8139361739158648 4.8767036199569676 8.4146672040224093 9.6683729887008667 6.573260009288787 8.4160712957382202 4.7841259837150574 8.7459402084350568 7.2363516539335242 4.7836624383926392 6.0734266340732601 7.7834960818290702 9.1545389145612699 32.454229071736336 4.9136867225170127 7.4711349308490744 7.2363516539335269 6.5475564748048782 44.13416776061058 7.0150722563266736 5.8361725062131882 11.470701977610586 7.2573166191577911
leaf_count=28 63 30 35 51 32 29 25 20 20 36 41 28 36 20 37 31 20 26 33 39 139 21 32 31 28 181 30 25 49 31
internal_value=-9.85831e-05 0.031022 0.0421809 -0.0559771 -0.0920458 0.0531401 0.000678453 -0.0340444 0.0618488 0.0374029 -0.013591 0.00166733 0.0365262 0.0101324 0.0717968 0.0522173 -0.0364886 0.0610046 0.0493541 0.0733975 0.0750233 0.07203 0.0776784 0.0760064 0.072244 -0.117734 0.0778406 0.075749 0.0796371 0.0796953
internal_weight=296.302 221.375 206.014 20.6911 74.927 185.323 26.3839 22.9982 158.939 45.9712 14.5451 16.1709 20.288 11.872 112.968 15.9823 9.5976 31.4261 16.1982 15.228 96.9852 45.5892 51.3961 40.6755 13.3306 51.9288 27.3449 12.8512 43.9249 14.4937
internal_count=1247 938 875 86 309 789 111 96 678 195 61 68 86 50 483 68 40 134 69 65 415 195 220 174 57 213 117 55 188 62
is_linear=0
shrinkage=0.05


Tree=2
num_leaves=31
num_cat=0
split_feature=10 16 16 1 22 15 5 2 5 1 10 26 26 21 19 6 17 21 27 18 1 1 15 26 1 0 26 21 1 27
split_gain=304.299 133.145 81.0337 43.3585 38.9528 31.4674 40.3497 23.3353 14.5664 20.4033 28.884 13.1698 7.44368 2.94953 2.74566 2.72996 3.73364 2.24273 1.76622 0.310726 1.56637 0.828793 1.12031 0.141396 0.114906 0.0828899 0.000427913 0.0016902 0.000282609 0.000238139
threshold=2.5000000000000004 1.0000000180025095e-35 1.5000000000000002 6.5000000000000009 2.5000000000000004 1.0000000180025095e-35 1.0000000180025095e-35 1.0000000180025095e-35 1.0000000180025095e-35 17.500000000000004 3.5000000000000004 5.5000000000000009 7.5000000000000009 1.5833333333333337 1.0000000180025095e-35 1.0000000180025095e-35 1.5000000000000002 2.8750000000000004 2.5000000000000004 1.0000000180025095e-35 15.500000000000002 15.500000000000002 1.5000000000000002 3.5000000000000004 7.5000000000000009 2.5000000000000004 4.5000000000000009 1.8750000000000002 27.000000000000004 2.5000000000000004
decision_type=2 2 2 2 2 2 2 2 2 2 2 2 2 2 2 2 2 2 2 2 2 2 2 2 2 2 2 2 2 2
left_child=4 -2 5 -4 7 6 12 -1 15 10 -10 18 13 -3 17 19 -17 23 -9 21 -21 24 -23 -11 -7 -6 29 -28 -25 -26
right_child=1 2 3 -5 25 8 -8 11 9 14 -12 -13 -14 -15 -16 16 -18 -19 -20 20 -22 22 -24 28 26 -27 27 -29 -30 -31
leaf_value=-0.11095160474539256 -0.11095160474539263 0.030284669781451914 0.036833734922239743 -0.11095160474539263 -0.10540039486317472 0.070667565387763739 -0.11095160474539263 -0.057823695736371777 -0.11095160474539267 0.067340296328715535 0.037796329159581872 0.055351372053588178 0.071526153354251665 -0.020537361877506446 0.027423119012034005 0.028347087805901724 0.077269244030338288 0.041193824008228019 -0.015598561648626542 0.047426799643847259 0.077268500426193432 0.049317679446287815 0.077636112223662138 0.077259259319487836 0.077524704435723665 -0.11095160474539263 0.077369761393721384 0.078382816341992775 0.077719610866240907 0.077263807602951567
leaf_weight=6.6842353194952038 15.596549078822134 7.0338329672813451 8.1776524335145968 12.625777825713156 7.9119601249694815 6.8974049240350714 6.1891067773103705 4.8668906092643756 4.9512854218482945 4.6091749668121436 9.574586421251297 6.4758090972900382 8.2489997148513794 4.8052194714546204 5.6489483118057242 8.6838749796152097 7.0793188214302054 6.7041050493717185 5.0422866493463516 6.6406411677598962 13.016707554459572 7.095806345343588 6.8776586651802063 8.4485988765954954 21.294968023896217 44.809133067727089 12.116283103823664 6.2365944534540168 5.5068994760513297 14.842862337827681
leaf_count=27 63 30 35 51 32 30 25 20 20 20 41 28 36 20 24 37 31 29 21 29 57 31 30 37 93 181 53 27 24 65
internal_value=-5.88354e-05 0.0298374 0.0406379 -0.0528584 -0.0864071 0.0512955 0.000672016 -0.0322185 0.0598104 0.0359725 -0.0129059 -9.94265e-05 0.0350631 0.00965709 0.0589367 0.0695889 0.0503182 0.0659817 -0.0363374 0.0727858 0.0671874 0.0742461 0.0632558 0.0749332 0.0767478 -0.110119 0.0775174 0.077714 0.0774409 0.0774175
internal_weight=294.693 218.903 203.306 20.8034 75.7903 182.503 26.2772 23.0692 156.226 45.4436 14.5259 16.385 20.0881 11.8391 30.9177 110.782 15.7632 25.2688 9.90918 95.0189 19.6573 75.3616 13.9735 18.5647 61.3881 52.7211 54.4907 18.3529 13.9555 36.1378
internal_count=1247 938 875 86 309 789 111 96 678 195 61 69 86 50 134 483 68 110 41 415 86 329 61 81 268 213 238 80 61 158
is_linear=0
shrinkage=0.05


Tree=3
num_leaves=31
num_cat=0
split_feature=10 16 16 1 0 15 5 1 5 1 15 21 26 26 21 6 17 19 18 21 27 21 24 3 24 1 22 26 1 25
split_gain=274.479 120.527 74.2592 38.7414 34.691 29.2777 36.2918 25.4065 13.7525 18.8293 26.9275 8.79542 6.96752 3.67093 2.67644 2.62663 3.55179 2.60669 2.44409 2.14934 0.321807 2.31708 0.469877 0.138682 0.107868 0.302815 0.0794501 0.0416301 0.0610367 0.000786435
threshold=2.5000000000000004 1.0000000180025095e-35 1.5000000000000002 6.5000000000000009 2.5000000000000004 1.0000000180025095e-35 1.0000000180025095e-35 9.5000000000000018 1.0000000180025095e-35 17.500000000000004 1.5000000000000002 1.8750000000000002 7.5000000000000009 1.5000000000000002 1.5833333333333337 1.0000000180025095e-35 1.5000000000000002 1.0000000180025095e-35 1.0000000180025095e-35 2.8750000000000004 2.5000000000000004 1.8750000000000002 6.5000000000000009 1.0000000180025095e-35 2.5000000000000004 5.5000000000000009 2.5000000000000004 3.5000000000000004 11.500000000000002 4.5000000000000009
decision_type=2 2 2 2 2 2 2 2 2 2 2 2 2 2 2 2 2 2 2 2 2 2 2 2 2 2 2 2 2 2
left_child=4 -2 5 -4 7 6 12 13 15 10 -10 -9 14 -1 -3 20 -17 19 -12 23 21 24 29 -11 25 -7 -6 -26 -29 -22
right_child=1 2 3 -5 26 8 -8 11 9 17 18 -13 -14 -15 -16 16 -18 -19 -20 -21 22 -23 -24 -25 27 -27 -28 28 -30 -31
leaf_value=-0.10855039083608903 -0.10455060221796607 0.02900055469738759 0.035343334487172244 -0.10455060221796607 -0.11071129931197346 0.075976561223756359 -0.10455060221796607 0.052341762839000938 -0.11113635496460049 0.065288037854863909 0.0088452733115800888 -0.031554588944938941 0.069488092532240156 -0.053754273665419607 -0.01943150166350702 0.027129438160444993 0.075241518696756549 0.026234560931181435 0.058815969129015239 0.039606140330320228 0.075868505714171988 0.034710247720949078 0.061689603603144419 0.075396063912088862 0.075375097855676171 0.060566343849936734 -0.10455060221796607 0.068168458692864128 0.075245655050891647 0.07539633338473016
leaf_weight=6.9468418657779711 15.720162034034727 6.9794283807277715 8.0984178930521029 12.72584545612335 5.9191560894250861 6.0750628709793073 6.2381595373153678 7.2323559373617154 4.6676750183105442 4.5186576545238575 4.715554267168045 5.49948450922966 8.0709112286567688 5.4576986134052277 4.8242473602294922 8.6215671598911268 6.9108595401048651 5.6106243580579749 5.0862861275672913 6.6262151449918738 12.581883817911146 4.7636685967445365 7.1697129905223838 13.625636234879494 13.845474600791933 6.7076891958713531 45.164275050163269 6.7194578945636732 5.5735702663660049 29.483993604779243
leaf_count=28 63 30 35 51 24 27 25 31 19 20 20 23 36 22 20 37 31 24 22 29 56 21 32 61 62 30 181 30 25 132
internal_value=-2.80787e-05 0.0287622 0.0392281 -0.0501468 -0.0816022 0.0496015 0.000662275 -0.0335146 0.0579375 0.0346501 -0.0122937 0.016103 0.0336861 -0.0844414 0.00920602 0.067568 0.048536 0.0570079 0.0347756 0.0639782 0.0707494 0.0676255 0.073521 0.0728788 0.0716541 0.0678901 -0.105264 0.0734949 0.0713772 0.0755376
internal_weight=292.181 215.961 200.241 20.8243 76.2198 179.416 26.1127 25.1364 153.304 44.8506 14.4695 12.7318 19.8746 12.4045 11.8037 108.453 15.5324 30.3811 9.80184 24.7705 92.9205 43.6849 49.2356 18.1443 38.9213 12.7828 51.0834 26.1385 12.293 42.0659
internal_count=1247 938 875 86 309 789 111 104 678 195 61 54 86 50 50 483 68 134 42 110 415 195 220 81 174 57 205 117 55 188
is_linear=0
shrinkage=0.05


Tree=4
num_leaves=31
num_cat=0
split_feature=10 16 16 1 22 15 18 24 5 1 15 3 26 21 6 17 19 18 21 18 1 1 15 3 1 26 23 0 26 21
split_gain=248.547 109.581 68.1888 34.8583 31.589 27.268 33.8701 20.4273 13.0273 17.4001 24.1935 11.4773 9.50328 4.78832 2.54108 3.39363 2.48448 2.27517 2.07197 0.316289 1.5423 0.812632 1.124 0.137164 0.119168 0.0538888 0.108996 0.0102914 0.00113014 0.00205261
threshold=2.5000000000000004 1.0000000180025095e-35 1.5000000000000002 6.5000000000000009 2.5000000000000004 1.0000000180025095e-35 1.0000000180025095e-35 1.5000000000000002 1.0000000180025095e-35 17.500000000000004 1.5000000000000002 1.0000000180025095e-35 7.5000000000000009 1.5833333333333337 1.0000000180025095e-35 1.5000000000000002 1.0000000180025095e-35 1.0000000180025095e-35 2.8750000000000004 1.0000000180025095e-35 15.500000000000002 15.500000000000002 1.5000000000000002 1.0000000180025095e-35 7.5000000000000009 5.5000000000000009 0.90441722268325109 2.5000000000000004 4.5000000000000009 1.8750000000000002
decision_type=2 2 2 2 2 2 2 2 2 2 2 2 2 2 2 2 2 2 2 2 2 2 2 2 2 2 2 2 2 2
left_child=4 -2 5 -4 7 6 12 -1 14 10 -10 -9 13 -3 19 -16 18 -12 23 21 -21 24 -23 -11 -7 27 -27 -6 -26 -30
right_child=1 2 3 -5 25 8 -8 11 9 16 17 -13 -14 -15 15 -17 -18 -19 -20 20 -22 22 -24 -25 28 26 -28 -29 29 -31
leaf_value=-0.09986636460584275 -0.099135315219296208 0.031548467465583575 0.03392008652303441 -0.099135315219296208 -0.10130839037256745 0.066606793693878036 -0.11117091497471404 -0.044015293850753118 -0.10482891979218452 0.063386194910102986 0.0084194422582606187 0.040834130635576289 0.073959103742010604 -0.029695037444277639 0.025965197823617434 0.073412000863030888 0.02509839426581369 0.056853771477705921 0.03809063268539107 0.043165967285491227 0.073407750965347643 0.045080424407189595 0.074041882669158787 0.073551753493779154 0.073576876968541913 -0.09986095630265629 -0.090641967642661192 -0.099135315219296208 0.073680848426013343 0.074821650917479318
leaf_weight=6.9981560856103924 15.748802125453947 7.0015507936477714 8.0183760076761263 12.749030292034147 6.4973139762878409 6.5917170941829673 5.3682796210050574 7.2756686657667204 4.7001147568225834 4.4239352196455082 4.7065844386816025 8.8133027851581538 7.6652319729328147 5.8650681227445602 8.5593519657850248 6.7334262281656256 5.5723709017038336 5.0009177327156067 6.5473916828632346 6.3930699229240426 12.380003124475479 6.8271287232637388 6.5781658887863159 13.277743995189667 34.402697294950485 7.2481976151466352 5.7492431700229645 33.747433125972748 11.558680772781374 5.9844574332237235
leaf_count=28 63 30 35 51 26 30 22 30 19 20 20 38 35 24 37 31 24 22 29 29 57 31 30 61 158 29 23 135 53 27
internal_value=-3.17044e-06 0.0277777 0.0379285 -0.0477621 -0.077401 0.0480317 0.000650263 -0.0285543 0.0562 0.0334059 -0.0117133 0.00246398 0.0298871 0.00363147 0.0657102 0.0468561 0.0552042 0.0333709 0.0621225 0.0688887 0.0631091 0.0703968 0.0592922 0.0710112 0.0729398 -0.0985822 -0.0957831 -0.0994861 0.0737434 0.07407
internal_weight=288.983 212.654 196.905 20.7674 76.3293 176.138 25.9001 23.0871 150.238 44.2291 14.4076 16.089 20.5319 12.8666 106.009 15.2928 29.8214 9.7075 24.2491 90.7159 18.7731 71.9428 13.4053 17.7017 58.5376 53.2422 12.9974 40.2447 51.9458 17.5431
internal_count=1247 938 875 86 309 789 111 96 678 195 61 68 89 54 483 68 134 42 110 415 86 329 61 81 268 213 52 161 238 80
is_linear=0
shrinkage=0.05


end of trees

feature_importances:
Column_1=23
Column_26=17
Column_21=16
Column_24=12
Column_16=10
Column_5=9
Column_15=9
Column_10=8
Column_17=6
Column_18=6
Column_0=5
Column_6=5
Column_19=5
Column_22=5
Column_27=5
Column_3=3
Column_2=1
Column_14=1
Column_23=1
Column_25=1

parameters:
[boosting: gbdt]
[objective: binary]
[metric: binary_logloss]
[tree_learner: serial]
[device_type: cpu]
[data_sample_strategy: bagging]
[data: ]
[valid: ]
[num_iterations: 5]
[learning_rate: 0.05]
[num_leaves: 31]
[num_threads: 0]
[seed: 0]
[deterministic: 0]
[force_col_wise: 0]
[force_row_wise: 0]
[histogram_pool_size: -1]
[max_depth: -1]
[min_data_in_leaf: 20]
[min_sum_hessian_in_leaf: 0.001]
[bagging_fraction: 0.8]
[pos_bagging_fraction: 1]
[neg_bagging_fraction: 1]
[bagging_freq: 5]
[bagging_seed: 3]
[bagging_by_query: 0]
[feature_fraction: 0.9]
[feature_fraction_bynode: 1]
[feature_fraction_seed: 2]
[extra_trees: 0]
[extra_seed: 6]
[early_stopping_round: 0]
[early_stopping_min_delta: 0]
[first_metric_only: 0]
[max_delta_step: 0]
[lambda_l1: 0]
[lambda_l2: 0]
[linear_lambda: 0]
[min_gain_to_split: 0]
[drop_rate: 0.1]
[max_drop: 50]
[skip_drop: 0.5]
[xgboost_dart_mode: 0]
[uniform_drop: 0]
[drop_seed: 4]
[top_rate: 0.2]
[other_rate: 0.1]
[min_data_per_group: 100]
[max_cat_threshold: 32]
[cat_l2: 10]
[cat_smooth: 10]
[max_cat_to_onehot: 4]
[top_k: 20]
[monotone_constraints: ]
[monotone_constraints_method: basic]
[monotone_penalty: 0]
[feature_contri: ]
[forcedsplits_filename: ]
[refit_decay_rate: 0.9]
[cegb_tradeoff: 1]
[cegb_penalty_split: 0]
[cegb_penalty_feature_lazy: ]
[cegb_penalty_feature_coupled: ]
[path_smooth: 0]
[interaction_constraints: ]
[verbosity: -1]
[saved_feature_importance_type: 0]
[use_quantized_grad: 0]
[num_grad_quant_bins: 4]
[quant_train_renew_leaf: 0]
[stochastic_rounding: 1]
[linear_tree: 0]
[max_bin: 255]
[max_bin_by_feature: ]
[min_data_in_bin: 3]
[bin_construct_sample_cnt: 200000]
[data_random_seed: 1]
[is_enable_sparse: 1]
[enable_bundle: 1]
[use_missing: 1]
[zero_as_missing: 0]
[feature_pre_filter: 1]
[pre_partition: 0]
[two_round: 0]
[header: 0]
[label_column: ]
[weight_column: ]
[group_column: ]
[ignore_column: ]
[categorical_feature: ]
[forcedbins_filename: ]
[precise_float_parser: 0]
[parser_config_file: ]
[objective_seed: 5]
[num_class: 1]
[is_unbalance: 0]
[scale_pos_weight: 1]
[sigmoid: 1]
[boost_from_average: 1]
[reg_sqrt: 0]
[alpha: 0.9]
[fair_c: 1]
[poisson_max_delta_step: 0.7]
[tweedie_variance_power: 1.5]
[lambdarank_truncation_level: 30]
[lambdarank_norm: 1]
[label_gain: ]
[lambdarank_position_bias_regularization: 0]
[eval_at: ]
[multi_error_top_k: 1]
[auc_mu_weights: ]
[num_machines: 1]
[local_listen_port: 12400]
[time_out: 120]
[machine_list_filename: ]
[machines: ]
[gpu_platform_id: -1]
[gpu_device_id: -1]
[gpu_use_dp: 0]
[num_gpu: 1]

end of parameters

pandas_categorical:null
